T: 0.005 best sol: [258, 495, 831, 698, 276, 741, 545, 476] best group: 343

T: 0.000 best sol: [133, 221, 224, 398, 1012, 1051, 575, 726] best group: 457

([411, 441, 617, 498, 870, 965, 155, 377], 615)


([41, 149, 283, 463, 489, 545, 767, 917], 872)
([148, 331, 632, 700, 756, 832, 889, 1051], 781)
([30, 100, 120, 426, 448, 563, 639, 778], 716)
([61, 323, 452, 463, 575, 772, 913, 965], 779)
([155, 196, 261, 377, 465, 528, 665, 831], 970)
([100, 133, 645, 653, 735, 786, 803, 808], 875)
([111, 207, 632, 653, 756, 832, 910, 929], 746)
([27, 111, 355, 653, 660, 767, 888, 985], 774)
([155, 207, 240, 377, 689, 865, 937, 939], 765)
([310, 330, 476, 630, 665, 865, 999, 1022], 703)
([30, 149, 221, 396, 621, 756, 842, 976], 833)
([144, 203, 283, 390, 396, 426, 557, 602], 770)
([75, 120, 448, 621, 649, 910, 928, 937], 875)
([32, 392, 396, 630, 756, 775, 832, 888], 861)
([40, 183, 207, 465, 530, 950, 999, 1046], 795)
([100, 123, 298, 545, 575, 689, 742, 907], 757)
([130, 133, 403, 445, 689, 698, 870, 980], 689)
([100, 130, 310, 331, 621, 627, 665, 756], 899)
([83, 111, 403, 426, 436, 741, 782, 832], 850)
([38, 183, 420, 426, 642, 645, 811, 965], 883)
([32, 85, 354, 377, 488, 642, 659, 689], 732)
([19, 426, 530, 786, 811, 856, 889, 917], 712)
([68, 196, 283, 580, 653, 689, 704, 735], 779)
([68, 149, 155, 410, 575, 742, 803, 865], 863)
([67, 133, 183, 445, 627, 767, 778, 935], 726)
([36, 162, 203, 283, 403, 445, 580, 642], 787)
([111, 149, 221, 261, 396, 445, 820, 978], 821)
([17, 140, 148, 203, 204, 452, 649, 856], 819)
([221, 423, 759, 811, 842, 896, 937, 1051], 816)
([83, 111, 294, 452, 468, 735, 741, 856], 785)
([40, 144, 191, 441, 742, 786, 870, 1051], 721)
([390, 398, 432, 621, 627, 735, 889, 1035], 751)
([40, 194, 196, 419, 659, 832, 896, 917], 824)
([355, 423, 426, 452, 621, 642, 767, 818], 886)
([26, 354, 452, 528, 630, 635, 758, 842], 710)
([78, 130, 196, 504, 653, 928, 939, 964], 877)
([155, 442, 445, 448, 632, 649, 665, 965], 821)
([41, 420, 632, 742, 758, 808, 865, 965], 823)
([38, 155, 177, 298, 403, 411, 519, 665], 756)
([111, 155, 164, 261, 445, 832, 939, 1005], 794)




([683, 896, 708, 203, 398, 865, 910, 377], 792)
([582, 448, 820, 937, 818, 183, 803, 698], 850)
([143, 448, 32, 355, 735, 767, 40, 362], 970)
([419, 130, 649, 61, 545, 756, 735, 283], 1122)

([204, 630, 758, 842, 889, 965, 969, 985], 1040)

([432, 519, 530, 627, 653, 661, 700, 1051], 774)
([196, 203, 355, 378, 390, 452, 689, 832], 768)
([27, 183, 302, 519, 758, 759, 889, 937], 831)
([32, 75, 426, 441, 497, 708, 759, 775], 728)
([36, 310, 452, 476, 488, 642, 689, 861], 906)
([164, 355, 396, 420, 476, 545, 803, 937], 856)
([448, 452, 557, 582, 653, 665, 818, 820], 934)
([1, 27, 35, 148, 323, 445, 530, 545], 900)
([153, 355, 537, 782, 803, 865, 889, 917], 806)
([17, 41, 100, 294, 355, 403, 448, 831], 1014)
([40, 419, 519, 621, 649, 670, 856, 1051], 760)
([409, 426, 580, 663, 741, 792, 896, 960], 776)
([203, 520, 621, 665, 683, 689, 741, 965], 899)
([84, 111, 396, 398, 426, 756, 1001, 1051], 956)
([120, 133, 354, 403, 409, 504, 603, 758], 914)
([32, 148, 203, 294, 436, 527, 537, 1012], 859)
([27, 149, 355, 392, 465, 741, 758, 964], 824)
([155, 396, 504, 580, 627, 689, 690, 917], 916)
([17, 83, 111, 330, 448, 488, 689, 1012], 883)
([78, 111, 155, 426, 627, 653, 752, 865], 944)
([207, 302, 409, 735, 803, 916, 950, 1049], 781)
([53, 183, 390, 463, 519, 545, 832, 950], 845)
([40, 53, 204, 261, 390, 630, 820, 964], 846)
([107, 155, 354, 355, 476, 545, 653, 985], 806)
([377, 410, 530, 709, 758, 767, 898, 1051], 837)
([100, 207, 355, 395, 409, 661, 758, 964], 807)
([155, 181, 196, 396, 409, 530, 580, 778], 1018)
([40, 144, 181, 642, 649, 832, 939, 982], 925)
([41, 409, 436, 653, 716, 767, 811, 969], 841)
([164, 191, 410, 423, 527, 575, 630, 888], 771)
([111, 148, 355, 786, 803, 889, 999, 1059], 871)
([120, 130, 148, 149, 419, 585, 645, 778], 798)
([377, 488, 627, 645, 709, 767, 800, 950], 905)
([354, 403, 419, 468, 741, 823, 928, 999], 718)
([294, 355, 403, 665, 683, 708, 735, 969], 988)
([41, 155, 426, 642, 661, 665, 704, 916], 840)
([69, 83, 183, 362, 445, 488, 832, 1012], 726)
([27, 40, 69, 158, 207, 398, 403, 419], 1022)

([38, 149, 172, 463, 519, 698, 708, 735], 861)
([17, 53, 410, 530, 575, 767, 775, 782], 803)
([34, 148, 445, 463, 689, 808, 889, 917], 1018)
([149, 153, 545, 582, 756, 800, 823, 888], 954)
([17, 30, 164, 302, 323, 409, 488, 630], 876)
([27, 38, 144, 355, 377, 820, 910, 1012], 811)
([100, 196, 409, 448, 463, 539, 545, 632], 963)
([21, 153, 183, 355, 527, 545, 627, 649], 835)
([34, 100, 310, 398, 682, 689, 741, 832], 735)
([323, 532, 557, 653, 742, 767, 823, 1051], 845)
([403, 426, 447, 519, 767, 917, 939, 999], 965)
([75, 111, 143, 203, 631, 632, 767, 939], 735)
([67, 130, 183, 490, 545, 585, 842, 965], 708)
([130, 181, 209, 504, 689, 741, 775, 1012], 964)
([331, 355, 448, 476, 504, 545, 832, 865], 1048)
([38, 398, 632, 665, 716, 789, 832, 865], 858)
([38, 283, 447, 708, 735, 741, 811, 858], 747)
([40, 355, 563, 627, 632, 653, 964, 965], 908)
([75, 100, 148, 294, 355, 488, 690, 793], 784)
([148, 207, 498, 653, 661, 803, 832, 937], 835)
([445, 519, 630, 649, 653, 772, 820, 828], 1089)
([209, 302, 367, 445, 448, 630, 716, 999], 837)
([157, 196, 203, 204, 463, 465, 530, 621], 931)
([355, 396, 600, 742, 756, 832, 896, 1051], 951)
([68, 75, 183, 284, 354, 445, 528, 741], 758)
([27, 40, 331, 543, 579, 627, 649, 811], 969)
([27, 36, 155, 183, 426, 758, 939, 1051], 982)
([207, 411, 448, 661, 689, 832, 856, 965], 957)
([130, 411, 412, 448, 476, 497, 519, 530], 762)
([203, 207, 283, 436, 452, 735, 758, 980], 803)
([153, 181, 412, 516, 630, 767, 778, 842], 764)
([131, 148, 465, 530, 645, 767, 775, 778], 979)
([203, 242, 298, 403, 426, 758, 775, 842], 777)
([30, 53, 221, 410, 758, 889, 896, 950], 842)
([30, 75, 196, 396, 398, 767, 807, 842], 875)
([332, 426, 476, 545, 642, 653, 689, 767], 1042)
([410, 423, 426, 445, 488, 545, 928, 1059], 875)
([504, 557, 627, 659, 689, 775, 789, 969], 752)
([30, 377, 649, 665, 821, 832, 889, 969], 851)
([144, 155, 448, 519, 648, 718, 767, 831], 905)
([38, 419, 441, 519, 545, 741, 818, 856], 787)
([419, 426, 543, 708, 758, 939, 999, 1012], 914)
([78, 392, 465, 488, 661, 767, 917, 999], 904)
([30, 203, 452, 519, 649, 690, 865, 982], 803)

([83, 106, 207, 310, 355, 645, 653, 803], 729)
([530, 539, 642, 689, 716, 778, 910, 982], 724)
([83, 390, 488, 518, 649, 823, 831, 939], 716)
([61, 68, 426, 489, 603, 627, 645, 820], 784)
([100, 419, 425, 603, 627, 716, 803, 820], 806)
([27, 123, 355, 557, 630, 632, 698, 985], 715)
([148, 149, 196, 465, 520, 630, 709, 735], 916)
([75, 209, 426, 448, 642, 649, 747, 1012], 876)
([2, 130, 155, 419, 445, 642, 800, 1001], 835)
([111, 203, 527, 585, 716, 767, 1012, 1051], 1051)
([83, 99, 102, 196, 448, 632, 742, 1051], 742)
([17, 111, 149, 436, 441, 661, 708, 1001], 796)
([148, 158, 403, 419, 441, 504, 653, 964], 940)
([230, 476, 741, 742, 800, 803, 832, 910], 763)
([41, 78, 203, 354, 445, 742, 767, 789], 899)
([196, 355, 452, 528, 627, 645, 758, 1035], 970)
([34, 36, 100, 377, 390, 519, 937, 964], 706)
([203, 377, 398, 452, 689, 718, 910, 965], 878)
([283, 398, 530, 575, 653, 689, 859, 917], 943)
([40, 331, 411, 419, 426, 831, 939, 965], 1055)
([207, 396, 398, 436, 527, 543, 630, 649], 760)
([32, 61, 143, 323, 575, 789, 889, 999], 753)
([78, 294, 425, 448, 488, 519, 775, 950], 836)
([40, 148, 645, 659, 663, 698, 742, 820], 900)
([196, 209, 537, 545, 645, 661, 803, 1051], 973)
([30, 38, 221, 283, 742, 889, 965, 1012], 1087)
([191, 412, 504, 585, 642, 649, 778, 803], 925)
([130, 390, 412, 448, 630, 649, 821, 950], 777)
([183, 203, 377, 398, 527, 575, 653, 741], 1086)
([40, 99, 354, 355, 530, 585, 649, 842], 899)
([323, 355, 441, 519, 585, 803, 825, 965], 875)
([34, 160, 403, 410, 426, 441, 1001, 1051], 804)
([40, 143, 196, 649, 767, 800, 896, 913], 875)
([158, 436, 642, 649, 653, 742, 767, 939], 955)
([32, 136, 426, 575, 582, 775, 889, 937], 888)
([148, 183, 196, 204, 355, 767, 808, 928], 845)
([40, 191, 403, 603, 649, 709, 772, 1051], 839)

----------------------------------------------------
([148, 203, 209, 295, 410, 625, 756, 832, 889, 999], 917)


Starting sim_anneal # 0
[591 240  25 303 147  15  36  19  22  46  25  20  13  22  11  11  36  11
  14  70  35  40  12  30  12]
([91, 125, 155, 716, 889, 896, 964, 1051], 1351)
Starting sim_anneal # 1
[ 22 137 504  51 190  14  13  39  15  12  53  25  26  12  60 288  33  99
  12  27  29  11  20  14  44  12]
([284, 485, 653, 665, 689, 823, 939, 1007], 1232)
Starting sim_anneal # 2
[770 146  31 109  18 252  44  39  21  49  15  16 108  17  17  30  88  16
  17]
([1, 111, 410, 457, 642, 649, 698, 999], 1428)
Starting sim_anneal # 3
[698  74 116  35  72  14 294  20  45  16  22  21 164  12  28  12  59  11
  17  34  18]
([183, 295, 488, 621, 694, 718, 767, 939], 1346)
Starting sim_anneal # 4
[ 21 283 730  43 121  21  45  11  64 107  17  46 114  18  11  16  13  21
  22  14  46]
([65, 67, 221, 295, 310, 448, 630, 642], 1360)
Starting sim_anneal # 5
[137  11  11  41 437  12  52  15  54  51 152  12  11  12  14 444  23  39
  12  51  31 131  15  11]
([203, 621, 630, 645, 661, 666, 767, 1018], 1301)
Starting sim_anneal # 6
[ 15  31  12 146  19  53  16  11 122  11  31  68 590  48  25 111 250  13
  11  42  21  34  36  13]
([221, 396, 423, 563, 639, 742, 803, 1035], 1219)
Starting sim_anneal # 7
[722 242  15  39  13 233  76  14  17  38  12 140  39  37  17  42  19  20
  28  15  15  12]
([16, 100, 174, 196, 423, 452, 649, 965], 1413)
Starting sim_anneal # 8
[727 175  18 121  24  65  15  14  30  52  13 213  58  30  24  12  20  16
  42  13  68  20  19  23]
([131, 310, 323, 403, 627, 659, 965, 999], 1306)
Starting sim_anneal # 9
[ 24 739  15  32 245  11  46  18 273  12  83  12  29 108  37  39  13  34
  12]
([40, 111, 405, 419, 589, 689, 865, 1051], 1448)
Starting sim_anneal # 10
[417  94  25  15 166  45 361  74  19 148  36  14  63  24  29  19  11  19
  41  13  18  44  17  11]
([115, 355, 448, 572, 630, 850, 965, 1012], 1371)
Starting sim_anneal # 11
[232  11  14  14 378  23  14  13  22 152  15  21  14  17  29 188  14 297
  13  16  11 112  15  12  29  43  23]
([196, 530, 545, 627, 703, 708, 742, 1058], 1250)
Starting sim_anneal # 12
[ 14  45 226  15 161 785  21  71  46  28  15  11  68  25  39  40 165  21
  11  17]
([26, 130, 530, 653, 715, 716, 735, 966], 1408)
Starting sim_anneal # 13
[400  63  14  21  18 251  44  34  21  20 332  69  12  19  13 213  33  14
  30  24  13  68  11  37  14  11]
([1, 40, 445, 448, 453, 519, 583, 653], 1265)
Starting sim_anneal # 14
[792  22  31 305  12  16  21  89  29  18  20  12  47  25 274  94  13  19
  11  20]
([40, 155, 532, 621, 649, 735, 775, 818], 1554)


****************************************************************************

Starting sim_anneal # 0
[638  73  26  46  13  27 286  28  16  31 165  16  75 180  16  73  46  18
  14]
([183, 203, 283, 649, 653, 654, 772, 793], 1510)
Starting sim_anneal # 1
[123 604  20  17  90  12  43  36  14  71  79 394  15  12  51  29  30  14
  13  34  52]
([111, 133, 331, 504, 716, 735, 1012, 1036], 1290)
Starting sim_anneal # 2
[714 181  42 243  63  22  40  13  55  17  70  16  29  52  14  11 100  36
  27]
([195, 221, 405, 445, 504, 528, 803, 985], 1381)
Starting sim_anneal # 3
[ 15  20  12  49 300  26 445  46  59  81  11  20  19  13  18  33 163  14
 238  25  30  42  18  16  29  14  20  11]
([207, 263, 354, 409, 448, 680, 741, 1051], 1351)
Starting sim_anneal # 4
[474 151 402 110  12  77  33  11  24  26  14  16  18  22  12 138  28 124
  39  29]
([35, 122, 155, 403, 426, 708, 767, 936], 1289)
Starting sim_anneal # 5
[ 26  16 581  30  50  29 176  19  17 405  23  32  13 130  64  21  52  19
  36  32  16]
([100, 130, 403, 543, 592, 665, 741, 939], 1356)
Starting sim_anneal # 6
[560  87  29  54  11  32 172  34  16  11  25 383  63  22  31  20 108  19
  15  11  15  57  11  14]
([67, 409, 621, 649, 708, 861, 889, 893], 1312)
Starting sim_anneal # 7
[604 144 402 114  60  13  31  11  30  38  19  56  13  47  57  27  40  13
  25  11  27  23]
([19, 57, 196, 409, 645, 716, 803, 1051], 1365)
Starting sim_anneal # 8
[ 58  20 295  35  35  14  34  37 154  11  12  12  16  13 498  40  44  17
  43  78 210  19  13  15  14  22  23]
([130, 204, 403, 465, 582, 649, 726, 874], 1235)
Starting sim_anneal # 9
[670  79  81 210  20  31  14  28  11  16 306  38  35  88  14  11  12  30
  14  23  16  11  31  17]
([149, 398, 518, 545, 630, 706, 896, 965], 1355)
Starting sim_anneal # 10
[624  29  93  85  14  54  12 375  23  74  55  28  66  11  13  41  36  45
  30  16  13]
([100, 209, 302, 323, 469, 716, 778, 889], 1365)
Starting sim_anneal # 11
[ 22 224  51  15  13  14  13  24 764  38 194  16  64  23  49  58  12 103
  21  12  47]
([100, 131, 528, 627, 803, 831, 832, 858], 1349)
Starting sim_anneal # 12
[ 33  12 260  51  42  13 108  15  17  16  18  18 536  75  70  22 207  34
  29  18  17  36  17  34  20]
([17, 61, 100, 151, 221, 448, 665, 771], 1251)
Starting sim_anneal # 13
[ 21 663  36  28  41  59  28 240  13  12  14  27  12  29  12 323  18  18
  23  25  12 118  37  13]
([355, 530, 642, 661, 689, 896, 922, 1015], 1403)
Starting sim_anneal # 14
[ 30 641 294  32 118  56  66  31  15  33  11  45  15  12  36  12 152  66
  15  27  16  13  12]
([18, 68, 298, 403, 519, 689, 742, 910], 1296)
Starting sim_anneal # 15
[728  31  28  64  21  55 104  12  92  14 372  16  31  16  35  51  46  11
  64]
([111, 445, 575, 630, 665, 865, 917, 1004], 1423)
Starting sim_anneal # 16
[766  93  56  48  18  54 119  14  14 268  34  22  24  19  53  28  91  16
  22  36]
([398, 504, 519, 735, 742, 808, 922, 985], 1369)
Starting sim_anneal # 17
[693  89 322  45  34  25  13  33  22  66  37  35  24 177  14  69  16  13
  29  19]
([78, 106, 155, 488, 621, 775, 982, 1051], 1350)
Starting sim_anneal # 18
[520  62  49 273  37  25  41 215  34  22 134  13  14  24  14  33  13  82
  17  44  33  17  33  12]
([30, 130, 178, 407, 409, 411, 649, 896], 1297)
Starting sim_anneal # 19
[503 121  45  13 182  27  16  29  13 357  76  24  15 123  41  12  15  60
  22  21  19]
([19, 130, 155, 194, 196, 281, 545, 649], 1286)
Starting sim_anneal # 20
[126 650  15  13  83 363  16  21  55  11  25  20  13  33  26  28 137  13
  82  11  31  17]
([26, 40, 448, 737, 742, 803, 976, 1051], 1444)
Starting sim_anneal # 21
[ 31  11 226  65  39  12  12 585 205  71  31  17  15  16  13  25  79  26
 170  51  35  12]
([2, 41, 396, 448, 735, 763, 896, 974], 1265)
Starting sim_anneal # 22
[ 15 200  20  15 908 117  33  40  24  24  16  93  16  51 214  23  19]
([30, 396, 488, 520, 653, 767, 937, 1049], 1532)
Starting sim_anneal # 23
[576 117 465  85  92  24  23  25  14  12  12 101  11  56  16  31  24  55
  13  51]
([164, 275, 488, 653, 820, 831, 965, 999], 1351)
Starting sim_anneal # 24
[624  13 106  33 179  30  34  32 163  26  45  11 246  34  45  14  14  56
  13  19]
([40, 67, 545, 638, 708, 832, 856, 881], 1468)
Starting sim_anneal # 25
[ 35 700  27  31 133  87  13  62  36  16 404  14  22  70  42  46  20  60
  15]
([396, 403, 423, 645, 661, 741, 965, 1024], 1394)
Starting sim_anneal # 26
[833 160 318  53  20  64  16  37  12  14  75  11  19  95  16  30  41  18]
([261, 335, 519, 530, 649, 716, 823, 896], 1481)
Starting sim_anneal # 27
[326 469  18 170  21  49  14  23  25  36  11  24  37  14 139 179  68  17
  17  19  17  17  16  26]
([155, 394, 465, 530, 716, 758, 883, 1051], 1437)
Starting sim_anneal # 28
[402  17  32  21  60 489  20  49  31  82 159  14  14  11  33  21  30  88
  19 111  14  18  21]
([100, 207, 409, 537, 610, 642, 820, 976], 1438)